    0; 2.31953859
    1; 2.32638764
    2; 2.31505489
    3; 2.31616783
    4; 2.29703879
    5; 2.31495380
    6; 2.35159755
    7; 2.30253124
    8; 2.29344964
    9; 2.29453373
   10; 2.29108119
   11; 2.29231954
   12; 2.29826117
   13; 2.29193139
   14; 2.29602218
   15; 2.29236650
   16; 2.28937459
   17; 2.29647756
   18; 2.29736853
   19; 2.29316235
   20; 2.29213190
   21; 2.29244089
   22; 2.29504895
   23; 2.30218697
   24; 2.30773950
   25; 2.29714441
   26; 2.29037690
   27; 2.31085706
   28; 2.32771397
   29; 2.29301190
   30; 2.29540038
