    0; 1.12889779
    1; 1.11515057
    2; 1.11456370
    3; 1.14436293
    4; 1.11463404
    5; 1.11565340
    6; 1.11670983
    7; 1.11671042
    8; 1.11633492
    9; 1.11486042
   10; 1.11491406
   11; 1.11424017
   12; 1.11432803
   13; 1.11868978
   14; 1.11620474
   15; 1.11528742
   16; 1.11515927
   17; 1.11494970
   18; 1.11511397
   19; 1.12175870
   20; 1.11756635
   21; 1.11763966
   22; 1.11673403
   23; 1.11611736
   24; 1.12259495
   25; 1.11578715
   26; 1.11486113
   27; 1.11952055
   28; 1.11591828
   29; 1.11564076
   30; 1.11670887
