    0; 4.68947506
    1; 4.68235302
    2; 4.69520998
    3; 4.69956493
    4; 4.69435740
    5; 4.69239569
    6; 4.70226145
    7; 4.69092464
    8; 4.68374634
    9; 4.69755220
   10; 4.69627285
   11; 4.69502831
   12; 4.69012165
   13; 4.69778538
   14; 4.69576025
   15; 4.72393084
   16; 4.71322155
   17; 4.70301104
   18; 4.68670416
   19; 4.71066189
   20; 4.74638176
   21; 4.69697905
   22; 4.68534136
   23; 4.69906569
   24; 4.68751144
   25; 4.68958855
   26; 4.69670916
   27; 4.68934059
   28; 4.70082808
   29; 4.70462561
   30; 4.68948841
