    0; 4.76321554
    1; 4.75011921
    2; 4.75351715
    3; 4.75652075
    4; 4.75886774
    5; 4.75094509
    6; 4.74957609
    7; 4.75323820
    8; 4.75618362
    9; 4.76019907
   10; 4.76124477
   11; 4.74660778
   12; 4.76110840
   13; 4.75087976
   14; 4.74872541
   15; 4.75130463
   16; 4.75291061
   17; 4.75583696
   18; 4.74692678
   19; 4.75045252
   20; 4.74986124
   21; 4.76331329
   22; 4.75109434
   23; 4.76194715
   24; 4.74546003
   25; 4.75730991
   26; 4.75288630
   27; 4.75565052
   28; 4.74698639
   29; 4.76277447
   30; 4.75065660
