    0; 2.31538439
    1; 2.30607128
    2; 2.36739731
    3; 2.30260158
    4; 2.30859923
    5; 2.31028461
    6; 2.31848955
    7; 2.30019069
    8; 2.30441165
    9; 2.30525279
   10; 2.29868245
   11; 2.30477691
   12; 2.30204606
   13; 2.30294418
   14; 2.30286384
   15; 2.30103850
   16; 2.30119443
   17; 2.30278063
   18; 2.31693840
   19; 2.32477450
   20; 2.29782271
   21; 2.30531311
   22; 2.29922938
   23; 2.30568314
   24; 2.30777049
   25; 2.29956579
   26; 2.30413342
   27; 2.29868603
   28; 2.30592704
   29; 2.30354285
   30; 2.30217195
