    0; 2.30192614
    1; 2.28281641
    2; 2.34947157
    3; 2.28499484
    4; 2.27742553
    5; 2.30482459
    6; 2.33535695
    7; 2.30829787
    8; 2.35018444
    9; 2.28910303
   10; 2.29079914
   11; 2.29787803
   12; 2.28320932
   13; 2.29062009
   14; 2.28310823
   15; 2.29102731
   16; 2.29033041
   17; 2.27974653
   18; 2.29676509
   19; 2.28100634
   20; 2.28752542
   21; 2.29017305
   22; 2.28630757
   23; 2.28749347
   24; 2.28977704
   25; 2.30143785
   26; 2.28879166
   27; 2.28434420
   28; 2.29330802
   29; 2.28279853
   30; 2.28888297
