    0; 0.74174893
    1; 0.72849256
    2; 0.73239565
    3; 0.72291785
    4; 0.72795188
    5; 0.72825652
    6; 0.72644925
    7; 0.72414273
    8; 0.72636247
    9; 0.72569805
   10; 0.72912836
   11; 0.72383291
   12; 0.72614473
   13; 0.72923625
   14; 0.72609484
   15; 0.72429657
   16; 0.72477406
   17; 0.72581637
   18; 0.72562599
   19; 0.72595173
   20; 0.72380441
   21; 0.72616810
   22; 0.72674960
   23; 0.72844642
   24; 0.72510016
   25; 0.72578889
   26; 0.72936118
   27; 0.72614682
   28; 0.72396815
   29; 0.72733039
   30; 0.72592962
