    0; 1.12033558
    1; 1.11404347
    2; 1.14330494
    3; 1.12528610
    4; 1.11515999
    5; 1.14734864
    6; 1.11520374
    7; 1.11654007
    8; 1.11536884
    9; 1.11574745
   10; 1.11619949
   11; 1.11549962
   12; 1.11636484
   13; 1.11719680
   14; 1.11676347
   15; 1.11634386
   16; 1.11520708
   17; 1.11692679
   18; 1.11610007
   19; 1.11851025
   20; 1.11426711
   21; 1.11508977
   22; 1.11579382
   23; 1.11511135
   24; 1.11481750
   25; 1.11945498
   26; 1.11496735
   27; 1.11682940
   28; 1.11523950
   29; 1.11499441
   30; 1.11490929
