    0; 2.29721856
    1; 2.28732061
    2; 2.30313921
    3; 2.27940154
    4; 2.29229140
    5; 2.31520820
    6; 2.35301948
    7; 2.29513097
    8; 2.29835606
    9; 2.29482365
   10; 2.29660034
   11; 2.29465008
   12; 2.30172825
   13; 2.29726744
   14; 2.29507136
   15; 2.29947758
   16; 2.29804516
   17; 2.29907322
   18; 2.29800868
   19; 2.29735756
   20; 2.29911518
   21; 2.29812050
   22; 2.30045772
   23; 2.29597640
   24; 2.29987025
   25; 2.29830694
   26; 2.29703403
   27; 2.29803610
   28; 2.29296470
   29; 2.34658003
   30; 2.29522204
