    0; 1.12751293
    1; 1.11743188
    2; 1.11477256
    3; 1.14617836
    4; 1.11534476
    5; 1.11732626
    6; 1.14371288
    7; 1.11550677
    8; 1.11522365
    9; 1.11879015
   10; 1.11510170
   11; 1.11605608
   12; 1.11585402
   13; 1.11516321
   14; 1.11570787
   15; 1.11882246
   16; 1.11658919
   17; 1.11440194
   18; 1.11732960
   19; 1.11491823
   20; 1.11496615
   21; 1.11633515
   22; 1.11552238
   23; 1.11659408
   24; 1.11595964
   25; 1.11630177
   26; 1.11553264
   27; 1.11673057
   28; 1.11521256
   29; 1.11514354
   30; 1.11758280
