    0; 4.81457043
    1; 4.86909008
    2; 4.82193279
    3; 4.84153700
    4; 4.81850672
    5; 4.81038284
    6; 4.82291746
    7; 4.81616879
    8; 4.80028725
    9; 4.75136042
   10; 4.75353336
   11; 4.74801397
   12; 4.74940491
   13; 4.74312019
   14; 4.75380754
   15; 4.75560904
   16; 4.74522448
   17; 4.74700689
   18; 4.75313234
   19; 4.74784327
   20; 4.74418306
   21; 4.74493027
   22; 4.76220369
   23; 4.75251150
   24; 4.74267054
   25; 4.74403811
   26; 4.74542618
   27; 4.75531578
   28; 4.76371431
   29; 4.74424648
   30; 4.74449682
