    0; 3.54720187
    1; 3.53255439
    2; 2.64589524
    3; 2.36756039
    4; 2.35558939
    5; 2.36247826
    6; 2.35085726
    7; 2.33819985
    8; 2.34894347
    9; 2.35436583
   10; 2.33939314
   11; 2.34149575
   12; 2.33048463
   13; 2.34067678
   14; 2.34638357
   15; 2.33495903
   16; 2.35587049
   17; 2.33900332
   18; 2.34216022
   19; 2.34774113
   20; 2.34225297
   21; 2.34135485
   22; 2.34142280
   23; 2.33216906
   24; 2.34222198
   25; 2.36866808
   26; 2.35279036
   27; 2.34890032
   28; 2.33568668
   29; 2.35504508
   30; 2.33466744
