    0; 4.69145727
    1; 4.68332434
    2; 4.69148493
    3; 4.68665648
    4; 4.70898581
    5; 4.68363333
    6; 4.69117022
    7; 4.69502831
    8; 4.70458984
    9; 4.69975948
   10; 4.69055223
   11; 4.69189119
   12; 4.68811178
   13; 4.69181347
   14; 4.68274307
   15; 4.69724894
   16; 4.68271399
   17; 4.69734192
   18; 4.68571138
   19; 4.69370270
   20; 4.69741964
   21; 4.70659876
   22; 4.69375181
   23; 4.68489933
   24; 4.69378710
   25; 4.68515873
   26; 4.68799734
   27; 4.68315172
   28; 4.69390011
   29; 4.69262314
   30; 4.69707346
