    0; 2.35461283
    1; 2.33135033
    2; 2.40283418
    3; 2.34176254
    4; 2.33145261
    5; 2.34724760
    6; 2.34913778
    7; 2.32693768
    8; 2.33839226
    9; 2.33398867
   10; 2.33391356
   11; 2.35118341
   12; 2.33855128
   13; 2.33561659
   14; 2.32182217
   15; 2.33641124
   16; 2.33481646
   17; 2.33118677
   18; 2.33568597
   19; 2.32958484
   20; 2.33458209
   21; 2.33729720
   22; 2.32852030
   23; 2.33103895
   24; 2.33336902
   25; 2.33236527
   26; 2.33714342
   27; 2.33496261
   28; 2.30935192
   29; 2.30582547
   30; 2.31731200
