    0; 1.12656295
    1; 1.11686456
    2; 1.11434543
    3; 1.11665881
    4; 1.11658430
    5; 1.14367747
    6; 1.11537397
    7; 1.11501575
    8; 1.14610934
    9; 1.11386096
   10; 1.11894953
   11; 1.11537838
   12; 1.11504841
   13; 1.11467671
   14; 1.11510694
   15; 1.11998320
   16; 1.11700130
   17; 1.11763859
   18; 1.11481607
   19; 1.11437213
   20; 1.11540115
   21; 1.11644638
   22; 1.11795688
   23; 1.11479723
   24; 1.11692977
   25; 1.11511707
   26; 1.11535871
   27; 1.11509240
   28; 1.11893594
   29; 1.11514330
   30; 1.11693490
