    0; 0.73618633
    1; 0.73021877
    2; 0.73147142
    3; 0.73046136
    4; 0.73370391
    5; 0.73221755
    6; 0.73088712
    7; 0.76095885
    8; 0.73101526
    9; 0.73223746
   10; 0.73023289
   11; 0.73076546
   12; 0.73094767
   13; 0.73096341
   14; 0.73120672
   15; 0.74358535
   16; 0.74306691
   17; 0.74474597
   18; 0.74758446
   19; 0.74073535
   20; 0.74458653
   21; 0.74279267
   22; 0.74319929
   23; 0.74143511
   24; 0.74363005
   25; 0.74423206
   26; 0.74274784
   27; 0.74476355
   28; 0.74445826
   29; 0.74193543
   30; 0.74406534
