    0; 2.26622891
    1; 2.27038264
    2; 2.29052663
    3; 2.26751089
    4; 2.26269364
    5; 2.26656985
    6; 2.26806974
    7; 2.26987457
    8; 2.26053023
    9; 2.28104329
   10; 2.28662968
   11; 2.26493216
   12; 2.26614738
   13; 2.26951933
   14; 2.26116776
   15; 2.26784134
   16; 2.28153515
   17; 2.26590085
   18; 2.26538706
   19; 2.26896477
   20; 2.26103902
   21; 2.26638675
   22; 2.26995540
   23; 2.26765585
   24; 2.26699305
   25; 2.26843429
   26; 2.26189280
   27; 2.26641560
   28; 2.26564598
   29; 2.27637959
   30; 2.26667523
