    0; 0.84066457
    1; 0.71853316
    2; 0.72323263
    3; 0.72156429
    4; 0.75389242
    5; 0.72037518
    6; 0.72245407
    7; 0.72111881
    8; 0.72130805
    9; 0.74715376
   10; 0.72093093
   11; 0.72266817
   12; 0.72117227
   13; 0.71916580
   14; 0.72119886
   15; 0.72109818
   16; 0.72351813
   17; 0.72239268
   18; 0.72108299
   19; 0.72230417
   20; 0.72067595
   21; 0.72061354
   22; 0.72071069
   23; 0.72312135
   24; 0.72378260
   25; 0.72266901
   26; 0.71915448
   27; 0.72139502
   28; 0.72133869
   29; 0.72185427
   30; 0.71933055
