    0; 2.18362045
    1; 2.23295879
    2; 2.17334890
    3; 2.18956089
    4; 2.17707753
    5; 2.17485142
    6; 2.17491674
    7; 2.16791868
    8; 2.17463231
    9; 2.16907549
   10; 2.19259286
   11; 2.17374039
   12; 2.16974926
   13; 2.17527127
   14; 2.16850996
   15; 2.17540598
   16; 2.16731024
   17; 2.18273401
   18; 2.17132592
   19; 2.18032432
   20; 2.17589211
   21; 2.16856456
   22; 2.17533135
   23; 2.16717935
   24; 2.18310690
   25; 2.18341374
   26; 2.17417908
   27; 2.17421937
   28; 2.16783786
   29; 2.17583728
   30; 2.16787529
