    0; 2.31512713
    1; 2.35082507
    2; 2.31276584
    3; 2.30421376
    4; 2.31180668
    5; 2.30891490
    6; 2.31198096
    7; 2.30188799
    8; 2.35716677
    9; 2.30436134
   10; 2.30659914
   11; 2.29619813
   12; 2.30552912
   13; 2.29408669
   14; 2.30325747
   15; 2.30281425
   16; 2.29632711
   17; 2.30971432
   18; 2.29657650
   19; 2.30456209
   20; 2.30502009
   21; 2.29488826
   22; 2.30263376
   23; 2.29611778
   24; 2.30480003
   25; 2.30095625
   26; 2.29852962
   27; 2.31171751
   28; 2.29762721
   29; 2.30492854
   30; 2.31968188
