    0; 4.75121498
    1; 4.74986506
    2; 4.74920130
    3; 4.76595402
    4; 4.74809885
    5; 4.74909878
    6; 4.74676323
    7; 4.75035429
    8; 4.76689148
    9; 4.75952244
   10; 4.76306200
   11; 4.75527668
   12; 4.75676012
   13; 4.74691582
   14; 4.74816656
   15; 4.74866152
   16; 4.76854944
   17; 4.74713230
   18; 4.74925470
   19; 4.75489092
   20; 4.75884342
   21; 4.75342464
   22; 4.75808620
   23; 4.75575399
   24; 4.75711489
   25; 4.74826336
   26; 4.75508165
   27; 4.74708176
   28; 4.75504732
   29; 4.75829792
   30; 4.75092649
