    0; 2.19385529
    1; 2.22766590
    2; 2.18446398
    3; 2.16682410
    4; 2.17325640
    5; 2.17308974
    6; 2.16702342
    7; 2.17413616
    8; 2.16615391
    9; 2.18778396
   10; 2.16861963
   11; 2.17705202
   12; 2.17802143
   13; 2.16617584
   14; 2.18297076
   15; 2.16801834
   16; 2.18183517
   17; 2.16618705
   18; 2.17370105
   19; 2.18358779
   20; 2.16627121
   21; 2.17417598
   22; 2.16631007
   23; 2.18090391
   24; 2.16965032
   25; 2.17430305
   26; 2.18210673
   27; 2.16685438
   28; 2.17297626
   29; 2.16735506
   30; 2.17998219
