    0; 2.29208946
    1; 2.32126951
    2; 2.28053546
    3; 2.27348161
    4; 2.27758527
    5; 2.28185534
    6; 2.27277207
    7; 2.28105712
    8; 2.32200384
    9; 2.28086948
   10; 2.28829241
   11; 2.27229595
   12; 2.27725625
   13; 2.27344561
   14; 2.27768803
   15; 2.27970934
   16; 2.27297807
   17; 2.27894545
   18; 2.27183580
   19; 2.28092766
   20; 2.27719951
   21; 2.29127812
   22; 2.28058052
   23; 2.28409386
   24; 2.28406405
   25; 2.27940226
   26; 2.26984739
   27; 2.27888250
   28; 2.27264977
   29; 2.27878499
   30; 2.27990603
