    0; 4.65851021
    1; 4.65856028
    2; 4.67605639
    3; 4.66459751
    4; 4.66017962
    5; 4.62755966
    6; 4.65146542
    7; 4.63827467
    8; 4.63869286
    9; 4.65865612
   10; 4.66453791
   11; 4.66133833
   12; 4.62838173
   13; 4.64508724
   14; 4.63555479
   15; 4.65752935
   16; 4.65312481
   17; 4.67156553
   18; 4.65514612
   19; 4.65251493
   20; 4.65990305
   21; 4.66938925
   22; 4.65737200
   23; 4.66028786
   24; 4.67339516
   25; 4.65190554
   26; 4.66986656
   27; 4.72133875
   28; 4.67037916
   29; 4.67654753
   30; 4.71820259
