    0; 329139992
    1; 327330228
    2; 330068716
    3; 326635788
    4; 325305992
    5; 329101564
    6; 331493570
    7; 339648738
    8; 326464146
    9; 325949914
   10; 328153558
   11; 328580980
   12; 337315726
   13; 333156722
   14; 335370710
   15; 337263722
   16; 332470542
   17; 326741682
   18; 333348310
   19; 340901620
   20; 328353360
   21; 326731400
   22; 328890104
   23; 327052542
   24; 328849672
   25; 329892308
   26; 330946716
   27; 331330230
   28; 327454344
   29; 326231482
   30; 330468680
