    0; 109455892
    1; 108640336
    2; 105238952
    3; 103979830
    4; 104266010
    5; 103949474
    6; 104054648
    7; 105961702
    8; 105142638
    9; 104642126
   10; 104920138
   11; 106565798
   12; 104319802
   13; 104251534
   14; 111428306
   15; 104645436
   16; 104207910
   17; 104365448
   18; 104169520
   19; 104826602
   20; 104481284
   21; 104825022
   22; 104213536
   23; 104406844
   24; 104663078
   25; 104204626
   26; 104204380
   27; 104185932
   28; 104959118
   29; 105093328
   30; 104214060
