    0; 123778228
    1; 122116370
    2; 123922566
    3; 121820378
    4; 121058970
    5; 121808988
    6; 121167456
    7; 121143774
    8; 121661928
    9; 121102898
   10; 121115814
   11; 121035480
   12; 131270238
   13; 122729730
   14; 124103754
   15; 121973738
   16; 122219650
   17; 122116808
   18; 121107080
   19; 121210338
   20; 121043898
   21; 123419552
   22; 121244396
   23; 125200828
   24; 123589648
   25; 124098152
   26; 122333542
   27; 121085746
   28; 121150766
   29; 121029168
   30; 123693636
