    0; 124126320
    1; 123851876
    2; 121180898
    3; 121160594
    4; 121134144
    5; 122192546
    6; 122328256
    7; 121168390
    8; 121012316
    9; 122963904
   10; 124832614
   11; 130073926
   12; 126937860
   13; 126960048
   14; 121187184
   15; 129261986
   16; 124214900
   17; 121179982
   18; 123133302
   19; 121098386
   20; 121014620
   21; 121132864
   22; 123097400
   23; 122084636
   24; 121138960
   25; 121113064
   26; 121262926
   27; 126067356
   28; 123586888
   29; 124277606
   30; 121063738
