    0; 2.25934672
    1; 2.43764138
    2; 2.27851033
    3; 2.26815176
    4; 2.26240110
    5; 2.29552960
    6; 2.27723217
    7; 2.35159588
    8; 2.26899934
    9; 2.26877666
   10; 2.26605177
   11; 2.27190590
   12; 2.26627994
   13; 2.27312255
   14; 2.26630306
   15; 2.26494861
   16; 2.26505518
   17; 2.27107358
   18; 2.26616502
   19; 2.27139401
   20; 2.26259041
   21; 2.27071118
   22; 2.26842141
   23; 2.26858783
   24; 2.26645947
   25; 2.27175617
   26; 2.26150060
   27; 2.27076960
   28; 2.27031326
   29; 2.26941419
   30; 2.27003479
