    0; 0.74876589
    1; 0.73163354
    2; 0.73567891
    3; 0.73609787
    4; 0.73680836
    5; 0.76322687
    6; 0.73415452
    7; 0.72375375
    8; 0.72489572
    9; 0.72474819
   10; 0.72568989
   11; 0.72309887
   12; 0.72437549
   13; 0.72619736
   14; 0.72743917
   15; 0.72285265
   16; 0.72429132
   17; 0.72488821
   18; 0.72466445
   19; 0.72304833
   20; 0.72512335
   21; 0.72630596
   22; 0.72537237
   23; 0.72264296
   24; 0.72706407
   25; 0.72475070
   26; 0.72498506
   27; 0.72463989
   28; 0.72473705
   29; 0.72556913
   30; 0.72452527
