    0; 4.74471474
    1; 4.74619770
    2; 4.74956703
    3; 4.76035500
    4; 4.75355959
    5; 4.75530481
    6; 4.75579643
    7; 4.75386715
    8; 4.74946833
    9; 4.80516100
   10; 4.75298548
   11; 4.75618124
   12; 4.74680090
   13; 4.74467802
   14; 4.74461412
   15; 4.74760199
   16; 4.75707865
   17; 4.74629116
   18; 4.74582577
   19; 4.74752378
   20; 4.75779200
   21; 4.74563885
   22; 4.75873232
   23; 4.74644327
   24; 4.76607990
   25; 4.74664402
   26; 4.74983025
   27; 4.75175571
   28; 4.75496864
   29; 4.74922800
   30; 4.74840784
