    0; 2.29855108
    1; 2.29053354
    2; 2.29213977
    3; 2.29172373
    4; 2.29426980
    5; 2.29901624
    6; 2.30402184
    7; 2.29548955
    8; 2.29812050
    9; 2.29649472
   10; 2.29144454
   11; 2.29320765
   12; 2.29315019
   13; 2.29798913
   14; 2.31076622
   15; 2.30422449
   16; 2.30872178
   17; 2.30891180
   18; 2.30407047
   19; 2.30903983
   20; 2.30560160
   21; 2.31966305
   22; 2.30978870
   23; 2.30034471
   24; 2.31072712
   25; 2.30857754
   26; 2.30765486
   27; 2.30641651
   28; 2.30179906
   29; 2.30599403
   30; 2.30250478
