    0; 4.70068264
    1; 4.71137047
    2; 4.70978355
    3; 4.69230032
    4; 4.69878626
    5; 4.70291233
    6; 4.71761703
    7; 4.69470358
    8; 4.69614697
    9; 4.71046448
   10; 4.70078230
   11; 4.69252586
   12; 4.69233704
   13; 4.69709110
   14; 4.70056581
   15; 4.71440887
   16; 4.69260931
   17; 4.70002270
   18; 4.69451094
   19; 4.69865799
   20; 4.69798326
   21; 4.69770718
   22; 4.70249462
   23; 4.69575882
   24; 4.69263315
   25; 4.70935297
   26; 4.70234632
   27; 4.70664454
   28; 4.71013069
   29; 4.68917656
   30; 4.69181108
