    0; 2.30599999
    1; 2.43400002
    2; 2.42799997
    3; 2.42600012
    4; 2.42799997
    5; 2.43199992
    6; 2.43400002
    7; 2.43400002
    8; 2.43199992
    9; 2.42799997
   10; 2.42400002
   11; 2.42600012
   12; 3.39599991
   13; 2.59800005
   14; 2.62400007
   15; 2.76600003
   16; 3.08599997
   17; 2.53999996
   18; 3.06599998
   19; 2.54800010
   20; 42.86999893
   21; 2.40000010
   22; 2.42600012
   23; 2.37599993
   24; 2.48399997
   25; 2.48000002
   26; 2.55800009
   27; 2.48600006
   28; 2.45400000
   29; 2.58800006
   30; 2.59999990
