    0; 1.13055098
    1; 1.12406111
    2; 1.12369704
    3; 1.12551773
    4; 1.12362742
    5; 1.12501776
    6; 1.12736523
    7; 1.15420651
    8; 1.12368095
    9; 1.12744689
   10; 1.12522840
   11; 1.12601864
   12; 1.12532151
   13; 1.12740707
   14; 1.12506711
   15; 1.12360322
   16; 1.12474608
   17; 1.12629211
   18; 1.12394309
   19; 1.12459850
   20; 1.12314785
   21; 1.12449419
   22; 1.12425840
   23; 1.12935078
   24; 1.12444222
   25; 1.12702703
   26; 1.12468362
   27; 1.12560999
   28; 1.12603450
   29; 1.12486696
   30; 1.12679565
