    0; 2.34859371
    1; 2.32840538
    2; 2.33191657
    3; 2.32606220
    4; 2.32335973
    5; 2.32580137
    6; 2.33807278
    7; 2.31837988
    8; 2.32256508
    9; 2.32235956
   10; 2.31499219
   11; 2.32513309
   12; 2.31809664
   13; 2.32359457
   14; 2.33417845
   15; 2.32207084
   16; 2.32272911
   17; 2.32083583
   18; 2.32138872
   19; 2.32476854
   20; 2.31385756
   21; 2.32087874
   22; 2.32580805
   23; 2.31572676
   24; 2.32392740
   25; 2.31704068
   26; 2.32137585
   27; 2.32638121
   28; 2.31952071
   29; 2.32874227
   30; 2.31619167
