    0; 3.46350312
    1; 2.32948327
    2; 2.34972596
    3; 2.29639435
    4; 2.30054450
    5; 2.32135630
    6; 2.36039972
    7; 2.29993439
    8; 2.30082297
    9; 2.30064392
   10; 2.30092287
   11; 2.30081248
   12; 2.30664515
   13; 2.30221057
   14; 2.30023670
   15; 2.32616901
   16; 2.30011320
   17; 2.29885459
   18; 2.31023884
   19; 2.31206584
   20; 2.31278276
   21; 2.31199360
   22; 2.32712650
   23; 2.32724571
   24; 2.31646895
   25; 2.31608295
   26; 2.31069303
   27; 2.31590605
   28; 2.30968237
   29; 2.31330848
   30; 2.31987166
