    0; 1.19430387
    1; 1.12188673
    2; 1.12037206
    3; 1.14514589
    4; 1.12085044
    5; 1.12114704
    6; 1.12298155
    7; 1.12058651
    8; 1.12130439
    9; 1.12246525
   10; 1.12178886
   11; 1.12129605
   12; 1.12080729
   13; 1.12103367
   14; 1.12067378
   15; 1.12139273
   16; 1.12806785
   17; 1.30696166
   18; 1.15279543
   19; 1.14973330
   20; 1.13593745
   21; 1.12149322
   22; 1.12125182
   23; 1.12324703
   24; 1.12084281
   25; 1.12120092
   26; 1.12332249
   27; 1.12105048
   28; 1.12095785
   29; 1.12076139
   30; 1.13464272
