    0; 4.70011091
    1; 4.71024609
    2; 4.69038200
    3; 4.69912386
    4; 4.70749855
    5; 4.68772602
    6; 4.69780779
    7; 4.70221043
    8; 4.68556547
    9; 4.70238256
   10; 4.69754601
   11; 4.70753813
   12; 4.68564939
   13; 4.70386314
   14; 4.68907118
   15; 4.68644714
   16; 4.69786549
   17; 4.69968987
   18; 4.69872665
   19; 4.69203997
   20; 4.70438290
   21; 4.69992256
   22; 4.69023991
   23; 4.69732380
   24; 4.70395565
   25; 4.68822527
   26; 4.69916725
   27; 4.68223238
   28; 4.68267965
   29; 4.69077921
   30; 4.70359850
