    0; 4.79472876
    1; 4.74799061
    2; 4.75104952
    3; 4.74988461
    4; 4.75210285
    5; 4.76208353
    6; 4.74941683
    7; 4.76069021
    8; 4.74750328
    9; 4.74737072
   10; 4.75411224
   11; 4.76085472
   12; 4.75239706
   13; 4.74998045
   14; 4.74933624
   15; 4.75679636
   16; 4.75695372
   17; 4.75819826
   18; 4.76815224
   19; 4.81735706
   20; 4.74963331
   21; 4.76155853
   22; 4.74396610
   23; 4.75541306
   24; 4.76189756
   25; 4.75009537
   26; 4.75060320
   27; 4.75687027
   28; 4.74921036
   29; 4.75844049
   30; 4.75493288
