    0; 1.11963248
    1; 1.11556673
    2; 1.11405361
    3; 1.11408556
    4; 1.11501992
    5; 1.14753640
    6; 1.11454391
    7; 1.11442363
    8; 1.11502051
    9; 1.11413062
   10; 1.11723125
   11; 1.11500597
   12; 1.11639094
   13; 1.11459160
   14; 1.11592984
   15; 1.11761153
   16; 1.11767089
   17; 1.11408317
   18; 1.11559010
   19; 1.12168670
   20; 1.12156320
   21; 1.11835504
   22; 1.11827302
   23; 1.11593139
   24; 1.11500371
   25; 1.11621451
   26; 1.11425650
   27; 1.11648583
   28; 1.11752677
   29; 1.11646509
   30; 1.11474252
