    0; 1.12424576
    1; 1.11509943
    2; 1.11592960
    3; 1.14420772
    4; 1.11455476
    5; 1.11373961
    6; 1.11356533
    7; 1.11380398
    8; 1.11388731
    9; 1.11553836
   10; 1.11356461
   11; 1.13366985
   12; 1.11351132
   13; 1.11466777
   14; 1.11363268
   15; 1.11778116
   16; 1.11722589
   17; 1.11523056
   18; 1.11740804
   19; 1.11512971
   20; 1.11578488
   21; 1.11623383
   22; 1.11536062
   23; 1.11626887
   24; 1.11478627
   25; 1.11554575
   26; 1.11536038
   27; 1.11745679
   28; 1.11464596
   29; 1.11517048
   30; 1.11612201
