    0; 2.32505941
    1; 2.29761910
    2; 2.31782889
    3; 2.29645348
    4; 2.31014729
    5; 2.31708455
    6; 2.32060051
    7; 2.31058407
    8; 2.29686308
    9; 2.30331635
   10; 2.30385256
   11; 2.29817462
   12; 2.30486083
   13; 2.29675651
   14; 2.30405164
   15; 2.30793023
   16; 2.29668784
   17; 2.30530596
   18; 2.29809499
   19; 2.30297446
   20; 2.30976009
   21; 2.29473519
   22; 2.30324101
   23; 2.29661226
   24; 2.30467892
   25; 2.30456471
   26; 2.29800653
   27; 2.30355930
   28; 2.29836059
   29; 2.29886770
   30; 2.30583191
