    0; 2.31119227
    1; 2.28225827
    2; 2.31525660
    3; 2.28295374
    4; 2.28945494
    5; 2.30056286
    6; 2.29925418
    7; 2.29356098
    8; 2.28685164
    9; 2.29794669
   10; 2.29826212
   11; 2.29404759
   12; 2.29782844
   13; 2.29680681
   14; 2.30331945
   15; 2.29529905
   16; 2.28830338
   17; 2.29412723
   18; 2.29025793
   19; 2.29479885
   20; 2.30324388
   21; 2.28926969
   22; 2.29563880
   23; 2.28717446
   24; 2.29662633
   25; 2.29510808
   26; 2.29007077
   27; 2.29746509
   28; 2.28822923
   29; 2.29480791
   30; 2.29495502
