    0; 339355056
    1; 336364466
    2; 349378148
    3; 337896188
    4; 334704782
    5; 354528622
    6; 361313020
    7; 336086850
    8; 345126844
    9; 343771278
   10; 345974486
   11; 335919416
   12; 336164608
   13; 337284716
   14; 334503404
   15; 337993822
   16; 335323286
   17; 345401690
   18; 336157502
   19; 334800286
   20; 335898878
   21; 340348356
   22; 339581194
   23; 337001076
   24; 335469178
   25; 336540878
   26; 335117882
   27; 336029050
   28; 344529616
   29; 337498988
   30; 335398580
