    0; 127810586
    1; 128181144
    2; 125884852
    3; 124795424
    4; 125655930
    5; 125038986
    6; 124605106
    7; 126911106
    8; 124725802
    9; 124846454
   10; 124768436
   11; 124633050
   12; 124760114
   13; 124719612
   14; 124823322
   15; 124751194
   16; 124743770
   17; 125050134
   18; 126985418
   19; 124725326
   20; 124637656
   21; 124838844
   22; 124730188
   23; 124689656
   24; 124766282
   25; 124802086
   26; 124729314
   27; 124859846
   28; 128058202
   29; 124707314
   30; 124851996
