    0; 127797786
    1; 127863618
    2; 125642984
    3; 124770852
    4; 124722444
    5; 125658418
    6; 124656892
    7; 124706440
    8; 124694470
    9; 126945508
   10; 124776650
   11; 124757516
   12; 124749428
   13; 126495050
   14; 125205010
   15; 124745656
   16; 124843228
   17; 124749340
   18; 125664210
   19; 124702968
   20; 134590812
   21; 124832004
   22; 125697176
   23; 124645422
   24; 125920490
   25; 124846380
   26; 124845476
   27; 125686010
   28; 124779286
   29; 124646790
   30; 126513626
